column_0,column_1,column_2,column_3,column_4,column_5
3262323ed9774d29807396654b34434f,273b42bebf114f2699975f333fd52845,28520000000000000000,彭测试升级1,1,2021-05-25 11:05:48+08
